0 0.178786 0.366525 0.029447 0.052966
0 0.334135 0.280456 0.027043 0.046081
0 0.528395 0.181674 0.023738 0.042373
0 0.654297 0.064089 0.021935 0.036017
0 0.790715 0.191208 0.023137 0.038136
0 0.769982 0.450742 0.026743 0.049788
0 0.802284 0.601430 0.030649 0.052436
0 0.407752 0.864672 0.031250 0.059852
1 0.531250 0.346663 0.026442 0.042903
1 0.568209 0.287341 0.024038 0.046081
1 0.609075 0.268538 0.025841 0.042373
1 0.655198 0.108845 0.022536 0.036547
1 0.879958 0.325477 0.026142 0.039725
1 0.022686 0.828125 0.033954 0.057733
1 0.969351 0.518273 0.019832 0.047140
